Calibration Complete


y = 35072.102970 + 0.999056x

Std dev of residuals: 48.553159 microns

Data:
Position        Measured        Residual
-9499.566700    25.620000       -38.495136
-7000.145200    28.120000       -41.433354
-4499.961100    30.560000       16.390308
-2000.158300    33.120000       -46.166970
500.025800      35.490000       81.656692
2999.828600     37.970000       99.099415
5500.012700     40.610000       -43.076923
7999.815500     43.060000       4.365799
10499.999600    45.550000       12.189461
13000.183700    48.030000       30.013124
15499.986500    50.610000       -52.544154
18000.170600    53.030000       25.279508
20499.973400    55.600000       -47.277770
