Calibration Complete


y = 34897.077076 + 0.999543x

Std dev of residuals: 20.030639 microns

Data:
Position        Measured        Residual
-9500.173800    25.412700       -11.450573
-6999.989700    27.901900       -1.610260
-4500.186900    30.378400       20.548927
-2000.002800    32.905700       -7.710760
500.181300      35.407600       -10.570448
2999.984100     37.896800       -1.111261
5500.168200     40.398700       -3.970948
7999.971000     42.900600       -7.211761
10500.155100    45.389800       2.628551
12999.957900    47.840900       50.187739
15500.142000    50.368200       21.928051
17999.944800    52.920900       -32.112762
20299.565100    55.206900       -19.544495

