Calibration Complete


y = 19413.433063 + 0.993576x

Std dev of residuals: 94.984101 microns

Data:
Position        Measured        Residual
20280.881900    39.458900       105.128948
18000.326600    37.084000       214.124119
15500.523800    34.937700       -123.319747
13000.339700    32.473900       -143.642464
10500.536900    29.908500       -61.986330
8000.352800     27.457400       -95.009046
5500.550000     24.879300       -0.652912
3000.365900     22.440900       -46.375629
500.563100      19.888200       22.580505
-1999.621000    17.360900       65.757789
-4499.805100    14.960600       -18.064928
-6999.607900    12.395200       63.591206
-9499.792000    9.956800        17.868490

