Calibration Complete


y = 34773.336751 + 1.016114x

Std dev of residuals: 25.733599 microns

Data:
Position        Measured        Residual
20499.875000    55.620000       -16.445884
18000.500000    53.050000       13.903287
15500.375000    50.510000       13.490373
13000.250000    47.950000       33.077459
10500.500000    45.470000       -26.954412
8000.375000     42.880000       22.632673
5500.250000     40.370000       -7.780241
3000.500000     37.840000       -17.812112
500.375000      35.300000       -18.225026
-1999.750000    32.770000       -28.637940
-4499.500000    30.210000       -8.669812
-6999.625000    27.680000       -19.082726
-9499.750000    25.060000       60.504360
