Calibration Complete


y = 34957.471646 + 1.000456x

Std dev of residuals: 30.364097 microns

Data:
Position        Measured        Residual
-9500.173700    25.470000       -17.031884
-6999.989600    27.970000       -15.708292
-4500.186800    30.490000       -34.766174
-2000.002700    32.950000       6.557418
500.181400      35.470000       -12.118990
2999.984200     37.890000       68.823129
5500.168300     40.410000       50.146721
7999.971100     42.950000       11.088839
10500.155200    45.480000       -17.587569
12999.958000    47.960000       3.354549
15500.142100    50.450000       14.678141
17999.944900    53.010000       -44.379741
20500.129000    55.480000       -13.056149
