Calibration Complete


y = 34738.549252 + 1.017323x

Std dev of residuals: 39.546559 microns

Data:
Position        Measured        Residual
-9499.750000 25.110000 -35.766365
-7000.000000 27.620000 -2.712815
-4499.875000 30.130000 30.722232
-2000.125000 32.740000 -36.224218
500.000000 35.150000 97.210828
3000.125000 37.830000 -39.354126
5499.875000 40.340000 -6.300575
8000.000000 42.860000 17.134471
10500.125000 45.450000 -29.430483
12999.875000 47.950000 13.623067
15500.000000 50.530000 -22.941886
18000.125000 53.000000 50.493160
20499.875000 55.630000 -36.453290
