        0.0204123254773191063760062746723633608781
        0.0192772645924045790688516888167214347050
        0.0192158066690270579179866672347998246551
        0.0188903873216395463974226487380292383023
        0.0185883659118315398839360597094128024764
        0.0181943677810558653018535579803938162513
        0.0180068856069157991195428536457256996073
        0.0179116155565736644150742762349182157777
        0.0177847849934139566607793625507838441990
        0.0176705622904032751130376510673158918507
        0.0176331874603431401626885133282485185191
        0.0175946155705941111035972568288343609311
        0.0173566849358193116270587808003256213851
        0.0173415010132231921236023453047891962342
        0.0172589864865920900038886998117959592491
        0.0171260323762839963834814227539027342573
        0.0170922938391027054438886523257679073140
        0.0170514975022274112292919312494632322341
        0.0169735352098099138984377276528903166763
        0.0167758029014910513276870318577493890189
        0.0166329666766199188443486889354971935973
        0.0165621121677378101144650912601719028316
        0.0165490570924418621545637364533831714652
        0.0165155915330482822023228095531521830708
        0.0163455644078892362025534623626299435273
        0.0163192362255802879411614725313484086655
        0.0162551145186284398680420792970835464075
        0.0161843445810170641352421228020830312744
        0.0161198713542264684961402565477328607813
        0.0161109014062309902071135070400487165898
        0.0160001853260078041873981646858737803996
        0.0159572268475430233125589296605539857410
        0.0159285873719410622784131703610910335556
        0.0158843987757253182757644083267223322764
        0.0158180878515133890860333565342443762347
        0.0156814071642859820254756186841404996812
        0.0156691820015848227998223052281900891103
        0.0155917630362294515333765332343318732455
        0.0155269815938807193705928355598189227749
        0.0154854837990190466467943508632743032649
        0.0154462217173614215631749502222191949841
        0.0153619073902625507405117488701762340497
        0.0153494176880591987749413718233881809283
        0.0152890721066884661266671585622134443838
        0.0151049497145518737267755327025042788591
        0.0150737464824722243450505487771806656383
        0.0150326399262231385350885304319490387570
        0.0149437414807222519047558151328303210903
        0.0148683734268373196618640008637157734483
        0.0148591985126461482991100382378135691397
        0.0148249700868061853181734122131274489220
        0.0147999432442662906539432299268810311332
        0.0147404492414353743834354304453881923109
        0.0146951646161518640482102071587178215850
        0.0146421069521441224448032869531743926927
        0.0146176614982227205674636394405752071179
        0.0145434848235019408696500065047985117417
        0.0144681179381116221949188371809214004315
        0.0144585633110148239349745935555802134331
        0.0144291704372684539275928372603630123194
        0.0143974385731927452536371703217810136266
        0.0143049747047309175340679132659715833142
        0.0142193644465846823904398021909400995355
        0.0142044064838590909649607141318483627401
        0.0141650179733943133025819705039793916512
        0.0141000355164086661752254059365441207774
        0.0140723142580147699692849627695068193134
        0.0140327896405343880564808856092895439360
        0.0139975592711321927819057009401149116457
        0.0139773395854009118560723479163243609946
        0.0139411663625027548718549041950609534979
        0.0139045428589341813624402632854071271140
        0.0138816078759740786641163623471584287472
        0.0138250687081698624136816277996331336908
        0.0138031760808321416617028276618839299772
        0.0137626004628654680095323215027747210115
        0.0137519950123028960459192759913094050717
        0.0137045686024551780640701181823715160135
        0.0136758532090771062900147470031697594095
        0.0136482928956791517427493687364403740503
        0.0136423306157683558309523519369577115867
        0.0136021627000209692492926905060812714510
        0.0135199500886602867744112899117681081407
        0.0134956888745837253612558370718943479005
        0.0134676715684187171123697979169264726806
        0.0134296576346160292242393197170713392552
        0.0134089782147669648454391122527340485249
        0.0133811095469115355627298669105584849603
        0.0133770609579039780057119202183457673527
        0.0133542649118540430325241530340463214088
        0.0133100275463952782972754107504442799836
        0.0132558486607527708373011066100843891036
        0.0132245598056012613613630080067196104210
        0.0132011347450371636924604246132730622776
        0.0131607822648995131248339518492684874218
        0.0131198364005677605564903487334049714264
        0.0130778358786490019743942170293848903384
        0.0130336583889302890654215971721896494273
        0.0130278153218384932371387563421194499824
        0.0130088240229261440511487890603348205332
        0.0129672995065600628328272847511470899917
        0.0129438264512208352913225084535042697098
        0.0129193015509012874841854312535360804759
        0.0128705111310762950610486754499106609728
        0.0128323061599953137934537750197705463506
        0.0128130744546870282973838328643978456967
        0.0127617633115741264948628241882033762522
        0.0127542900731869319336242440954265475739
        0.0127237805682769919424224269732803804800
        0.0126304053616001152327008583142742281780
        0.0126001127987157880705471058035982423462
        0.0125555326522146046969163890594245458487
        0.0125453677007292471734523076065670466051
        0.0124987555004444639283889273428940214217
        0.0124794347750374363253955678487727709580
        0.0124360325066973902846667598964813805651
        0.0124215347004759685961561288536358915735
        0.0123926792749411880667498309094298747368
        0.0123803567286884623477316580419937963597
        0.0123719379770584891886642253666650503874
        0.0123427032263131834788350005283064092509
        0.0123343420427591051596882820717837603297
        0.0122993757762039340047932611810210801195
        0.0122884099811695866877325755694982944988
        0.0122667449119251651540318803768059296999
        0.0122383268706626330279974013137689325958
        0.0122323528124978417319645984662201954052
        0.0121935729038765636178531792666035471484
        0.0121515759575805126768699437889154069126
        0.0121336694764024189546747223289457906503
        0.0121089606217406123289670460962952347472
        0.0121010515081149336302779317975364392623
        0.0120712679435897984187020526292144495528
        0.0120647458424981007807375021911866497248
        0.0120518254735115099007813910247932653874
        0.0120319673359428683245830882242444204167
        0.0120024904428338366479955823251657420769
        0.0119941712108197189728953091503171890508
        0.0119762402987542114496388734323772951029
        0.0119267755963436365013174977889320871327
        0.0119152262282513944635642388902851962484
        0.0119083403758547309164717020735224650707
        0.0118861040741434168671597504385317733977
        0.0118647859713926894648095000661669473629
        0.0118417604317272301406305246018746402115
        0.0118192693314678100996450993420694430824
        0.0117892100307901929318044054184611013625
        0.0117515588911270407040943197785054508131
        0.0117260598211287175862693743511044885963
        0.0117016674573896389821570096501091029495
        0.0116816650353341582729838066256888851058
        0.0116630498062259557734421377972466871142
        0.0116549308900073481792825091929444170091
        0.0116443836330398838713184872517558687832
        0.0116041281161250817849373007106805744115
        0.0115941999102768620449888103962621244136
        0.0115492196780781451737052378803127794527
        0.0115375075355572641322421389986629947089
        0.0114921351833463473296470525042423105333
        0.0114597876198686571963536451335130550433
        0.0114400527556378413945870065049348340835
        0.0114055209486977060517887139212689362466
        0.0113853891922945718584436747278232360259
        0.0113683276866487961015428354016876255628
        0.0113345912228346896999386927973318961449
        0.0113202927133300625811562767353279923555
        0.0113187238113349429580178906462606391869
        0.0112986502346878962127485479527422285173
        0.0112688093787340470192104291413670580368
        0.0112678985179450394382705269435973605141
        0.0112572058108029050133014337120584968943
        0.0112254992865156392328751522313723398838
        0.0111918012431774620274449461021504248492
        0.0111690249223538040634906565173878334463
        0.0111571795667497926374256422832331736572
        0.0111141295011646882434641625536642095540
        0.0110835872814383420287276393878528324421
        0.0110471365757584347871977925592545943800
        0.0110265321064388077676454713582643307745
        0.0110149351191595207960505220512459345628
        0.0109881113864607436736431367307886830531
        0.0109697948669586799186337344735875376500
        0.0109339696776480678475085284162560128607
        0.0109059120472632942178137227529077790678
        0.0108868119123127788522298331486126699019
        0.0108756061205487787602042004664326668717
        0.0108568545743193724251174359096694388427
        0.0108253653195466547493053255379891197663
        0.0107729407639745953378929144150788488332
        0.0107593369010726136458799828687915578485
        0.0107346194912085052264316686887468677014
        0.0107182370936922156945403372674263664521
        0.0106882603892711480764177167657180689275
        0.0106682198125885741718521515508655284066
        0.0106469947869987247718315259703558695037
        0.0106366149658746588640978458784047688823
        0.0106202734474437066047869393514702096581
        0.0106079179204751680026808102752511331346
        0.0105974741453156544312985687383843469433
        0.0105672670273753797204330240333547408227
        0.0105567666454132284836742172728918376379
        0.0104999074967705736255441095750029489864
        0.0104724735902210607657591978636446583550
        0.0104609020916848760585082800389500334859
        0.0103963181593337353203487793962267460302
        0.0103881256648050111779379989229710190557
        0.0103675022327724009746363620365627866704
        0.0103463014497817817199942780348465021234
        0.0103331030782121829902919785126869101077
        0.0102787758342532987987372194993440643884
        0.0102697316344373228147457410841525415890
        0.0102425245508164387137073347844307136256
        0.0102309632874011419839677117238352366257
        0.0101822285493086035768062203032968682237
        0.0101711066522639816123163569727694266476
        0.0101554317982285521870799982480093603954
        0.0101469019930814415703101971644173318055
        0.0101208780793638659922795142165341530927
        0.0101070147640437996844342549707107536960
        0.0100709363607335185275548639083353918977
        0.0100471311334847691887350862316452548839
        0.0100341237935322458163511782913701608777
        0.0100149595661730185514048940831344225444
        0.0099876361791727385347483547661795455497
        0.0099745672840673444553560855752039060462
        0.0099397025642429161912394519617919286247
        0.0099242204279825010915239147379907080904
        0.0099155190486605454536217507666151504964
        0.0098763850076214985962419490306274383329
        0.0098490790503703365410537173829652601853
        0.0098310185291598812390434503072356164921
        0.0098094550566690547760417828726531297434
        0.0098049435587929806290574674676463473588
        0.0097806637160084385074210189259247272275
        0.0097579077473608673287674974972105701454
        0.0097265221367962388654415661903840373270
        0.0097147981808765517669490563434919749852
        0.0096893071218120321169697817254018445965
        0.0096659162229521516235264400052074051928
        0.0096383944282243290413436653807366383262
        0.0096273478921103054078978189522786124144
        0.0095985585893345638786033902078997925855
        0.0095692257045021759942482475480574066751
        0.0095364237207148077474228031746861233842
        0.0095137458748528972579672213782941980753
        0.0095001796820198321918971018362753966358
        0.0094671528538921873724421018891916901339
        0.0094384522931920157573504326364854932763
        0.0094272434949685193772417335367208579555
        0.0094139909898341960631240610268832824659
        0.0093975181666648855555168395881082687993
        0.0093606691004071394812680040331542841159
        0.0093494710452096813080302695198042783886
        0.0093283010630888577030539465795300202444
        0.0093064908719557339067396384280073107220
        0.0092774178362123559116181326089645153843
        0.0092595019077014849989692990561707119923
        0.0092412435254429232261985660557002120186
        0.0092340657154298608211284715707733994350
        0.0092204360182793140832124834105343325064
        0.0091794122823070350286611684964555024635
        0.0091666606158486759609038685425730363932
        0.0091467798432003089015296382058295421302
        0.0091356830285052072204710071900990442373
        0.0091198115172849841814084470570378471166
        0.0090440377773731688709757392530264041852
        0.0090295449139279823635995114727847976610
        0.0090190363592892574401416183604851539712
        0.0090150625978084614892127390817222476471
        0.0089676495806201468596885462147838552482
        0.0089404521840163869716988642721844371408
        0.0089293778873868467904628687392687425017
        0.0089127778747118586999409473037303541787
        0.0089091360717363076576758018632062885445
        0.0088953387065185164639391501850695931353
        0.0088635908695532117373971914275898598135
        0.0088541214234329913140841838981032196898
        0.0088341129813273092108438788727653445676
        0.0088045505940949377043924783947659307159
        0.0087889079672036109214250387822175980546
        0.0087773932881240242925846573029957653489
        0.0087713314047995587230399650024992297404
        0.0087568619896802174507044469464744906873
        0.0086884029792881345422017602686537429690
        0.0086636647816942264493933478775034018327
        0.0086537661321821959803379797904199222103
        0.0086309042823085550116823938537891081069
        0.0086185537941443554621478995159122860059
        0.0085960845666373589257780452044244157150
        0.0085783437377096351250660433152006589808
        0.0085311049430681802629994336939489585347
        0.0084887298472205371946408547501050634310
        0.0084404590983002542037283433273842092603
        0.0084303441025144632697818636302145023365
        0.0083859761940355079939957150259033369366
        0.0083716807224221510136397128576390969101
        0.0083250359289965374098851924600239726715
        0.0083096271329449172132752821084977767896
        0.0082951401248637316593326218594484089408
        0.0082763500068406478660243408285168698058
        0.0082649342882629428519436487476923502982
        0.0081929258123690281573336946507879474666
        0.0081863091459540467120792328614697908051
        0.0081516621769561429383665895898047892842
        0.0081298003600130761686637370644348266069
        0.0081006998479859256695467806252963782754
        0.0080912498729649069695302188165442203172
        0.0080538978975993168879510264446253131609
        0.0080308744051908291516905791240787948482
        0.0079935417329347283749152452969610749278
        0.0079541292401102692277703454237780533731
        0.0079360408279074683840503823262224614155
        0.0078465376272493711495847890091681620106
        0.0078276253235614202258263460976195347030
        0.0077877119652997612436751140307933383156
        0.0077503804354324169756385032314938143827
        0.0076969897900714904365182533751976734493
        0.0076796273550232370050383501336455083219
        0.0076757239766416405710169890141969517572
        0.0076293004027888893653353008517115085851
        0.0076189295402819380911840774217580474215
        0.0076112191211460036160962872031632286962
        0.0076000512959465979859197126700109947706
        0.0075567729134406397620282724858498113463
        0.0075414591579026479112313197106232109945
        0.0075290147707337967686314073034736793488
        0.0074976364435415656858885391500280093169
        0.0074691289215442430507452264976109290728
        0.0074468733164044483355259451684560190188
        0.0074002725866434328899634564891130139586
        0.0073648084635259247060501408554955560248
        0.0072953791216629915866720423878177825827
        0.0071811664043187929673539571240326040424
        0.0071714324316363674272079009597291587852
        0.0071195998975629101734874382145790150389
        0.0070660944909385348111641178547870367765
        0.0069778258830864702683127731575041252654
        0.0069236476492850742778251138531686592614
        0.0068711746155154396903386171402416948695
        0.0068260299380848345890404615943225508090
        0.0067545331269578817723342467616021167487
        0.0067166354264323263958957888064560393104
        0.0066687068994724530562878683781491417903
        0.0066321445498640635429765666231105569750
        0.0065556503922591137512032588574584224261
        0.0065390784349454540366752830493624060182
        0.0065088987004739539549147409047691326123
        0.0064408143097909355268004816252869204618
        0.0063365914061934199702497139128354319837
        0.0062318145112301489424444511655565293040
        0.0062074374696371795168126084263349184766
        0.0061984004323294792510035122745648550335
        0.0061808233980399258922222571754900855012
        0.0060826640291685761877116256357567181112
        0.0060621923387232700200510926435981673421
        0.0059919881823326933897866375389185122913
        0.0057212791397333543491621199450491985772
        0.0056954555721703383278087251540000579553
        0.0056360047859625762856072839213084080257
        0.0055584005817256275372439944248981191777
        0.0054995876981452692516816327383821771946
        0.0054149011990667029678436783513006957946
        0.0053679277875225660243696523821199662052
        0.0053132996385117830032140950891061947914
        0.0051406387012877911846242540150342392735
        0.0050560631199009766975627222507227997994
        0.0049875219321524376717147397641838324489
        0.0048664554168641564746433658683599787764
        0.0048433445941381035940165311615146492841
        0.0047936498617495342314254180848820396932
        0.0047255879525688274794825716185187047813
        0.0045613926341837533057210762876820808742
        0.0044631525245464884546486850069868523860
        0.0044376324017552284256771244486117211636
        0.0043152813939547132737750700925971614197
        0.0042570667321438120447862907269609422656
        0.0041786362696231964947157777601205452811
        0.0041115695491774646025406880767150141764
        0.0040549318553802322570578375859895459143
        0.0040211408293074476713591103305134311086
        0.0039689800533966894044435314015117910458
        0.0037504016092115288749653245758963748813
        0.0036539249677036904177807041804726395640
        0.0034997595422870441186913303965866361978
        0.0033856763706856382242782466107655636733
        0.0032703613016461141778379317912595070084
        0.0029341531200475301846553044526899611810
        0.0028987149126456198192092195142777200090
        0.0028075835404987015651856463449576040148
        0.0024940715558797632751819595142706020852
        0.0024512609245981482886111990637800772674
        0.0021156096520497874938215865370239043841
        0.0018578806865521832816789959963443834567
        0.0011038642219585411471255431692384263442
        0.0009096049852428474309651296181300494936
        0.0007913287851588183836187839759190865152
        0.0006723560090797067517395801949930955743
        0.0005988352710783002505467997877985908417
        0.0005239954170675656776670625625058619335
        0.0004279448866109275052306559761206017356
        0.0003621429581704361990585061548131307063
        0.0003203305566809557447180423217503175692
        0.0002714112135709807185554587327658282447
        0.0002275551837779409437151345585448325437
        0.0002071787509278884211079418964374099232
        0.0001929525284513417188788503287000253295
        0.0001502382171557326256527281627128900254
        0.0001335899163301721792682791312145695883
        0.0001248771924982746892290180751317052454
        0.0001083230596691746436179698553914363401
        0.0001056692428413791203780855432192709031
        0.0000521316464152229909912589222997780780
