412
     1578.4992033649618861090857535600662231445312
     1580.6440073903538632293930277228355407714844
     1570.3368867358142324519576504826545715332031
     1571.8712555634406271565239876508712768554688
     1556.4242038389145363908028230071067810058594
     1556.4314921692464395164279267191886901855469
     1561.6815537536244846705812960863113403320312
     1527.0367337698489791364409029483795166015625
     1534.8392323248760931164724752306938171386719
     1534.8464699404132716153981164097785949707031
     1516.5921092465423498651944100856781005859375
     1537.9674708866043602029094472527503967285156
     1521.0905914485099401645129546523094177246094
     1521.0975194543802899715956300497055053710938
     1527.4871331831329825945431366562843322753906
     1503.9725545518215312768006697297096252441406
     1510.9555193777998738369205966591835021972656
     1510.9618718728600015310803428292274475097656
     1533.2053600446790824207710102200508117675781
     1479.2668092772596537542995065450668334960938
     1501.3407675721921350486809387803077697753906
     1501.3253499728784845501650124788284301757812
     1493.1852051304319957125699147582054138183594
     1498.7473201602695098699769005179405212402344
     1490.0076955641882250347407534718513488769531
     1490.0301861076950444839894771575927734375000
     1457.8611736751256557909073308110237121582031
     1453.3199138676270649739308282732963562011719
     1453.3247896429541015095310285687446594238281
     1576.1682584153456900821765884757041931152344
     1576.8069804611698145890841260552406311035156
     1588.5594506324218855297658592462539672851562
     1588.8712681928070651338202878832817077636719
      889.6518087779545567173045128583908081054688
     1059.1554921520721563865663483738899230957031
     1059.1968851935982911527389660477638244628906
     1605.2691489927069596888031810522079467773438
     1591.0797891116596929350635036826133728027344
     1414.6973336521502915275050327181816101074219
     1417.6616474045702034345595166087150573730469
     1497.0057632006196399743203073740005493164062
     1469.2997878209077953215455636382102966308594
     1599.4199460444299347727792337536811828613281
     1599.4230718672326929663540795445442199707031
     1043.5200348847024542919825762510299682617188
     1510.0848015572194071864942088723182678222656
     1510.5680424312345166981685906648635864257812
     1100.1525114224762091907905414700508117675781
     1100.1117397308896670438116416335105895996094
     1594.0500374382270365458680316805839538574219
     1600.7998673973368113365722820162773132324219
     1575.2180321455209650594042614102363586425781
     1560.9066609229475943720899522304534912109375
     1593.6843843980750534683465957641601562500000
     1593.5073882180931832408532500267028808593750
     1148.0794445519597957172663882374763488769531
     1145.9788517212850820214953273534774780273438
     1475.3944596249277765309670940041542053222656
     1475.2443543615645467070862650871276855468750
     1117.1572161114868322329130023717880249023438
     1585.5162354839753788837697356939315795898438
     1585.5117086431573625304736196994781494140625
     1590.1327280347036321472842246294021606445312
     1586.4551287233409766486147418618202209472656
     1326.7477487676912915048887953162193298339844
     1327.6578877401939280389342457056045532226562
     1162.4306681324294459045631811022758483886719
     1162.5050417755383023177273571491241455078125
     1425.2069801016950805205851793289184570312500
     1507.2956668440142493636813014745712280273438
     1582.9078664726177976262988522648811340332031
     1590.2894185546279004483949393033981323242188
     1581.8021570597531990642892196774482727050781
     1581.4701239753019308409420773386955261230469
     1471.0747574788206293305847793817520141601562
     1446.1846050530343745776917785406112670898438
     1067.5474681646585395355941727757453918457031
     1068.4017485729768850433174520730972290039062
     1580.9270777538242782611632719635963439941406
     1566.1920969355853685556212440133094787597656
     1581.3910063398416241398081183433532714843750
     1581.1689224100668980099726468324661254882812
     1067.6187418844544936291640624403953552246094
     1455.9664944389010088343638926744461059570312
     1455.6880647299572046904359012842178344726562
     1527.0031369688058475730940699577331542968750
     1526.8279398054423836583737283945083618164062
     1147.9265699139443768217461183667182922363281
     1148.6744284003673328697914257645606994628906
     1130.8651989898787633137544617056846618652344
     1130.7641280540792649844661355018615722656250
     1563.9197145829643886827398091554641723632812
     1564.0914067808814706950215622782707214355469
     1571.3622509955541772797005251049995422363281
     1574.0944329984504292951896786689758300781250
     1452.2062844318299994483822956681251525878906
     1435.4241114341712091118097305297851562500000
     1548.3169998734135788254207000136375427246094
     1553.1599080653447799704736098647117614746094
     1552.2362398022594334179302677512168884277344
     1553.4279044654781500867102295160293579101562
     1256.5513911473099142313003540039062500000000
     1289.6326104821660010202322155237197875976562
     1561.7778672746358097356278449296951293945312
     1561.8812040340428666240768507122993469238281
     1130.4177016782932696514762938022613525390625
     1130.4518641273657522106077522039413452148438
     1429.8817308937043435435043647885322570800781
     1430.1853588519531967904185876250267028808594
     1081.3511159821641740563791245222091674804688
     1551.3682589308032220287714153528213500976562
     1551.3727367644012247183127328753471374511719
     1539.8863165236041368189034983515739440917969
     1539.9267466767637415614444762468338012695312
     1557.1895716967021598975406959652900695800781
     1539.9738693871297527948627248406410217285156
     1388.7326507914360718132229521870613098144531
     1388.6050255469885996717493981122970581054688
     1108.2099136497847666760208085179328918457031
     1108.9700410659690987813519313931465148925781
     1442.1701767010990806738846004009246826171875
     1386.2124767251493722142186015844345092773438
     1045.1590674290280276181874796748161315917969
     1045.2417649501126106770243495702743530273438
     1520.9129627663039627805119380354881286621094
     1529.0593307644865035399561747908592224121094
     1541.1053096673565505625447258353233337402344
     1540.4281246702876160270534455776214599609375
     1532.9263167830986276385374367237091064453125
     1532.8987755051773547165794298052787780761719
     1459.2828558808023444726131856441497802734375
     1454.5074066369822958222357556223869323730469
     1396.5387054796747179352678358554840087890625
     1396.1600826658159348880872130393981933593750
     1134.8377758151502803229959681630134582519531
     1108.8202661252860252716345712542533874511719
     1098.1744241171347766794497147202491760253906
     1097.0409540618518349219812080264091491699219
     1508.3198347227200883935438469052314758300781
     1507.5133285907686513382941484451293945312500
     1523.9620763579578124335967004299163818359375
     1524.0721987498463931842707097530364990234375
     1514.7320829549385052814614027738571166992188
     1514.3396979674739668553229421377182006835938
     1336.8426880003789847251027822494506835937500
     1415.1765581766892410087166354060173034667969
     1132.5795525941739469999447464942932128906250
     1481.7071436948751852469285950064659118652344
     1481.0343882939102968521183356642723083496094
     1475.4242086655744969903025776147842407226562
     1501.3974829937467347917845472693443298339844
     1199.9347212107782070233952254056930541992188
     1199.7580045618531130457995459437370300292969
     1123.5415226355833056004485115408897399902344
     1124.8351510703150779590941965579986572265625
     1058.0520531203355858451686799526214599609375
     1058.0631470675900800415547564625740051269531
     1510.8781857261592449503950774669647216796875
     1494.9195939092992375663015991449356079101562
     1493.3933335475594503805041313171386718750000
     1493.1206827749617787048919126391410827636719
     1352.9950823987546755233779549598693847656250
     1353.0842074604865956644061952829360961914062
     1477.5953330671663934481330215930938720703125
     1476.9980601149572976282797753810882568359375
     1466.2155544406878107110969722270965576171875
     1466.3311887225424925418337807059288024902344
     1279.0746060726935411366866901516914367675781
     1296.0163296237267331889597699046134948730469
     1477.7521133239060873165726661682128906250000
     1478.0050551024862670601578429341316223144531
     1302.6214727587928337015910074114799499511719
     1351.9605579149861114274244755506515502929688
     1077.0692108092287071485770866274833679199219
     1087.4869090703539313835790380835533142089844
     1466.6827449390707442944403737783432006835938
     1470.7237652257945228484459221363067626953125
     1003.6401239536476168723311275243759155273438
     1005.0074082047307229004218243062496185302734
     1437.9479236162976576451910659670829772949219
     1444.5562353572868232731707394123077392578125
     1456.7379407051703310571610927581787109375000
     1457.2377950888167106313630938529968261718750
     1298.4472841677038559282664209604263305664062
     1298.5758178144378689466975629329681396484375
     1086.7173167225062115903710946440696716308594
     1343.3037773372398078208789229393005371093750
     1344.7638380032205986935878172516822814941406
     1449.9386393791296541166957467794418334960938
     1447.9120352959150750393746420741081237792969
     1439.1746752177941743866540491580963134765625
     1442.7838470109115860395831987261772155761719
     1063.1748464500803947885287925601005554199219
     1063.4572857305188335885759443044662475585938
     1412.5740071557454484718618914484977722167969
     1413.7124119822333341289777308702468872070312
     1045.6189990237492111191386356949806213378906
     1044.3931223182339635968673974275588989257812
     1046.7352475573318315582582727074623107910156
     1046.5143407493790164153324440121650695800781
     1434.2059560113866609754040837287902832031250
     1419.9146301491828126017935574054718017578125
     1232.5291362907448728947201743721961975097656
     1300.4553883658966242364840582013130187988281
     1419.3754429758805599703919142484664916992188
     1399.9752064643209905625553801655769348144531
     1416.3355316844804292486514896154403686523438
     1415.3203680902656742546241730451583862304688
     1357.9094366152858128771185874938964843750000
     1364.6332511994760352536104619503021240234375
     1390.5523452024233392876340076327323913574219
     1372.9289392831756231316830962896347045898438
     1088.1325458627734406036324799060821533203125
     1103.0940705609082215232774615287780761718750
     1231.0224017900361559441080316901206970214844
     1231.2637365189157208078540861606597900390625
     1043.4546196877506645250832661986351013183594
     1057.1455506811296345404116436839103698730469
      970.7898977134718734305351972579956054687500
      971.6585945880030976695707067847251892089844
     1390.7611432311423413921147584915161132812500
     1390.4967037029855418950319290161132812500000
     1374.7580123620687118091154843568801879882812
     1374.2406391353374601749237626791000366210938
     1375.0480895388916451338445767760276794433594
     1382.4156363555921416264027357101440429687500
     1346.4882771460745516378665342926979064941406
     1347.5606135253601678414270281791687011718750
     1347.7421601690730312839150428771972656250000
     1347.5814803336709246650571003556251525878906
     1179.4982321659199442365206778049468994140625
     1205.3468650379279551998479291796684265136719
      985.8316557330073237608303315937519073486328
     1145.7724818754481930227484554052352905273438
     1144.9935911744566965353442355990409851074219
     1349.6400019668799359351396560668945312500000
     1348.1762522857723070046631619334220886230469
     1003.0706968707984287902945652604103088378906
     1002.6800688366013218910666182637214660644531
      928.0709481585879530030069872736930847167969
      927.4498074331402222014730796217918395996094
     1336.1039338447028512746328487992286682128906
     1335.0579745923084828973514959216117858886719
      949.5122444856882566455169580876827239990234
      949.2368281896701773803215473890304565429688
     1303.7960128049569448194233700633049011230469
     1313.6604855364466857281513512134552001953125
     1338.4557202380758553772466257214546203613281
     1336.1753586101576729561202228069305419921875
     1151.2019965804818184551550075411796569824219
     1149.5073274645117180625675246119499206542969
     1317.8685806320129358937265351414680480957031
     1309.9129760877638091187691316008567810058594
     1167.6306717946224580373382195830345153808594
     1186.6137934075870816741371527314186096191406
     1300.1194863750079093733802437782287597656250
     1304.1824262018660647299839183688163757324219
     1292.7120065132057789014652371406555175781250
     1293.2183990195921978738624602556228637695312
     1267.2269068743435127544216811656951904296875
     1266.8910249048581135866697877645492553710938
     1157.5277515407433384098112583160400390625000
     1052.0753484630397451837779954075813293457031
      960.4374560018351303369854576885700225830078
      958.6196540181898626542533747851848602294922
      905.1147764683945524666341952979564666748047
      905.2319249440054136357503011822700500488281
     1289.9344898031799857562873512506484985351562
     1292.8609502202982639573747292160987854003906
      945.6395125631630662610405124723911285400391
      926.6781080515726216617622412741184234619141
     1268.3712123948794214811641722917556762695312
     1266.8184418053829176642466336488723754882812
     1057.2585245647708234173478558659553527832031
     1055.2356124351206290157278999686241149902344
     1213.6173700948518217046512290835380554199219
     1220.7795964333690790226683020591735839843750
     1185.4666241490342599718132987618446350097656
     1179.5289798369840355007909238338470458984375
     1250.8260708042901114822598174214363098144531
     1239.5977653087556973332539200782775878906250
     1254.0555701665771266561932861804962158203125
     1250.4217653394089211360551416873931884765625
     1241.1072338962478625035146251320838928222656
     1242.8165035926592736359452828764915466308594
      949.2085882364010558376321569085121154785156
      948.8189635532028205489041283726692199707031
      885.6079490096420840927748940885066986083984
      919.6511615485438824180164374411106109619141
      920.4048404358744619457866065204143524169922
      844.4092007619299238285748288035392761230469
      844.2016032893230885747470892965793609619141
     1019.5035722942767506538075394928455352783203
      990.4459807745249690924538299441337585449219
     1212.2813135267601865052711218595504760742188
     1214.2810937192073197365971282124519348144531
      839.8432158784755756641970947384834289550781
      839.4025113020951494036125950515270233154297
     1173.6218215727906226675258949398994445800781
     1173.4740709522598081093747168779373168945312
     1194.8508352030155492684571072459220886230469
     1195.5460141971022949292091652750968933105469
     1195.2175599156551015767036005854606628417969
     1197.8452280646358758531277999281883239746094
     1151.7572768851221098884707316756248474121094
     1147.6237396648687081324169412255287170410156
     1187.9669813725067797349765896797180175781250
     1188.5788254086380675289547070860862731933594
      954.9780172592273856935207732021808624267578
      949.0702404272867624968057498335838317871094
      949.8098177902407996953115798532962799072266
      962.1498625002766402758425101637840270996094
      774.2642897932648793357657268643379211425781
      774.3003728022988525481196120381355285644531
      865.6612410887721580365905538201332092285156
      860.6398929685203711414942517876625061035156
     1143.2729874983024274115450680255889892578125
     1146.5833961998771428625332191586494445800781
     1126.3658331076671856862958520650863647460938
     1131.9667587251974509854335337877273559570312
      792.7410414378987297823186963796615600585938
      800.0478137915175693706260062754154205322266
     1142.4022435395165757654467597603797912597656
     1139.3986245846763267763890326023101806640625
      891.1607809872932648431742563843727111816406
      904.0847095147994423314230516552925109863281
     1129.9447362088080808462109416723251342773438
     1142.0043339426188140350859612226486206054688
     1102.6063299241106960835168138146400451660156
     1102.2423055023930373863549903035163879394531
     1131.3316652270750637399032711982727050781250
     1130.7908887132780364481732249259948730468750
      954.2599158655119708782876841723918914794922
      956.4866676095933826218242757022380828857422
     1073.2510645111424310016445815563201904296875
     1063.9682740619434753170935437083244323730469
      840.2376935788529408455360680818557739257812
      843.1263453515327910281484946608543395996094
      887.1241767058495497622061520814895629882812
      889.6092105929418494270066730678081512451172
     1004.4326391230951003308291547000408172607422
     1005.2693970801291243333253078162670135498047
     1084.5236595588846739701693877577781677246094
     1084.6762307681162837980082258582115173339844
      767.7287053749240612887660972774028778076172
      751.2922054205101858315174467861652374267578
      750.6319271835312747498392127454280853271484
      781.3282963963207521373988129198551177978516
      782.2556954362111127920798026025295257568359
      720.5967549309427795378724113106727600097656
      721.7444983621202254653326235711574554443359
     1075.6013068040326743357582017779350280761719
     1072.6224247554491739720106124877929687500000
     1074.1658418737999909353675320744514465332031
     1067.0883088671871519181877374649047851562500
     1041.1223598680971917929127812385559082031250
     1041.3495756213560525793582201004028320312500
      791.0235746634767792784259654581546783447266
      783.4493284731374842522200196981430053710938
     1013.5708541686560693051433190703392028808594
     1013.3195472778340899822069332003593444824219
      933.2073085195231669786153361201286315917969
      931.1700136687945814628619700670242309570312
     1022.4198503458269442489836364984512329101562
     1026.3457338854709632869344204664230346679688
     1020.3819903809321658627595752477645874023438
      608.3677805081752012483775615692138671875000
      608.6313066854040698672179132699966430664062
     1021.9337040521644439650117419660091400146484
      733.5302067587258534331340342760086059570312
      733.6032402051055214542429894208908081054688
      759.1864012975904643099056556820869445800781
      768.9468699618236087189870886504650115966797
      735.0318273595643177031888626515865325927734
      742.1915425356751256913412362337112426757812
      661.6894846427580887393560260534286499023438
      665.3740477033167053377837873995304107666016
     1006.1193500356312142685055732727050781250000
     1004.0847494909198758250568062067031860351562
     1012.2070235953098062964272685348987579345703
     1012.7243163236955751926871016621589660644531
      955.5421939299781115551013499498367309570312
      958.3996713573922079376643523573875427246094
      970.3254825812721264810534194111824035644531
      972.4585465352616893142112530767917633056641
      697.5295469041731166726094670593738555908203
      677.9618210866663048363989219069480895996094
      960.6673624936424857878591865301132202148438
      962.3905543372552529035601764917373657226562
      895.3022181771930263494141399860382080078125
      897.4457152879512022991548292338848114013672
      645.6762864352698443326517008244991302490234
      643.6826593560627998158452101051807403564453
      945.8138842301761997077846899628639221191406
      950.3382949849436727163265459239482879638672
      736.4867753085243293753592297434806823730469
      738.1148628407894420888624154031276702880859
      888.4657988698352255596546456217765808105469
      905.8357445788655013529933057725429534912109
      619.5028734985895653153420425951480865478516
      615.5310455144041270614252425730228424072266
      667.0200329099851614955696277320384979248047
      658.6058294327812063784222118556499481201172
      939.5385731642975315480725839734077453613281
      928.1553700884642239543609321117401123046875
      691.7059052992965462181018665432929992675781
      930.4984181655867132576531730592250823974609
      933.4339326403181757996208034455776214599609
      688.4119615654409471972030587494373321533203
      689.6043205933181070577120408415794372558594
      656.6346568692135861056158319115638732910156
      657.1228016017988693420193158090114593505859
