-0.0433121
-0.0692448
-0.070831
-0.0735937
-0.0559427
-0.0262296
-0.0235466
-0.0175668
-0.00626659
0.00740265
0.0466864
0.0491946
0.0314719
0.0465832
0.0823166
0.110049
0.140198
0.145145
0.153012
0.163262
0.151855
0.115308
0.123016
0.148265
0.146201
0.114544
0.109866
0.113429
0.141861
0.143443
0.128667
0.105617
0.113598
0.100906
0.0880727
0.0805119
0.0999554
0.0839174
0.0987584
0.10792
0.122825
0.116985
0.0918036
0.0877687
0.0949376
0.0750203
0.104643
0.0940213
0.0902191
0.088805
0.0651786
0.0990344
0.0738146
0.0733528
0.0509884
0.0385718
0.0456203
0.0682105
0.069652
0.0718413
0.0388069
0.0234108
0.0320459
0.036913
0.068161
0.0604476
0.0733474
0.0826754
0.0781675
0.101646
0.086553
0.0704545
0.0849077
0.0474591
0.0508003
0.0648586
0.0522942
0.0444706
0.0959221
0.0954259
0.113144
0.122075
0.0869784
0.0763704
0.0763033
0.106367
0.098662
0.112836
0.112983
0.0811123
0.0929058
0.0981034
0.0851926
0.101319
0.0730878
0.084852
0.0937028
0.0780054
0.0401252
0.0810123
0.0759535
0.0661175
0.0469797
0.0967059
0.0635073
0.0557437
0.103072
0.0486793
0.0601856
0.0942662
0.0827602
0.0877513
0.0755559
0.0568771
0.0660321
0.0550146
0.0605975
0.0836331
0.0478027
0.0929296
0.0762836
0.101029
0.0845376
0.0796984
0.0928169
0.111088
0.116977
0.121676
0.126227
0.106205
0.151351
0.12996
0.130603
0.145245
0.128075
0.115246
0.0975188
0.0899347
0.109612
0.109408
0.0868071
0.0834263
0.0469167
0.0493553
0.0708369
0.0887722
0.0443497
0.0590142
0.0762015
0.0785289
0.0938502
0.0694727
0.0943752
0.0765475
0.0703164
0.085106
0.089904
0.0930831
0.109583
0.113245
0.105511
0.0848718
0.0825578
0.083148
0.0702289
0.0854235
0.053721
0.0601928
0.079262
0.0636981
0.068266
0.078639
0.0981933
0.0940815
0.100559
0.0610271
0.0400062
0.0384725
0.0301333
0.0335041
0.046016
0.027667
0.0391878
0.0423311
0.0626399
0.0366671
0.0447273
0.0690203
0.0768391
0.123437
0.126734
0.163087
0.122771
0.118017
0.0943366
0.0655748
0.0940839
0.0805536
0.0854707
0.0915294
0.0599852
0.102896
0.0894575
0.116252
0.0882821
0.0779708
0.10076
0.109003
0.0773434
0.077728
0.0698192
0.0448996
0.0697115
0.0514551
0.0268572
0.0383388
0.0727752
0.061922
0.0514951
0.0762322
0.0850236
0.0583369
0.0545032
0.0582462
0.0349788
0.0284442
0.00579537
-0.000592563
0.00314426
0.0232443
0.0461899
0.0438576
0.0371629
0.0602289
0.0637192
0.0737645
0.0604884
0.0621421
0.0312238
0.0503379
0.036412
0.0562117
0.0690222
0.0216842
0.0340016
0.0114346
0.0392422
0.0171773
0.0424942
-0.00463745
-0.000880871
0.0108081
0.0158114
0.00858641
0.00985651
0.0206522
0.0228003
0.0232398
0.0180345
0.00895164
0.0172818
0.0226631
0.00563742
0.00485473
0.0509403
0.0331499
0.0441901
0.0379806
0.0744226
0.0500553
0.0769706
0.11547
0.105915
0.100304
0.0996973
0.124349
0.134719
0.1078
0.0923062
0.045243
0.0475615
0.0314119
0.0517125
0.039723
0.0432833
0.0700757
0.0550457
0.0618773
0.0884692
0.113977
0.103545
0.11873
0.0705874
0.0727049
0.0630958
0.0288833
0.0585884
0.0534487
0.0548318
0.0803644
0.0880871
0.0510959
0.0662097
0.0594442
0.0700611
0.0927541
0.0975419
0.0883014
0.113419
0.0867354
0.105651
0.0990823
0.0870046
0.0590769
0.0867982
0.0891185
0.105407
0.107541
0.0983791
0.117361
0.127636
0.121128
0.121613
0.140015
0.12754
0.120103
0.132007
0.108413
0.135659
0.180371
0.128715
0.120043
0.137563
0.108249
0.102025
0.104374
0.0811078
0.0916144
0.0946947
0.0933746
0.112611
0.0851378
0.0853285
0.0647448
0.075724
0.101632
0.1197
0.139029
0.0942696
0.0794103
0.0969934
0.0913765
0.104046
0.0807542
0.0729587
0.0991521
0.0774347
0.0885238
0.0638628
0.0627533
0.0596457
0.0339179
0.0280693
0.0462148
0.0382436
0.0602462
0.0322296
0.0386628
0.0492783
0.0397609
0.0310807
0.0201996
0.00519968
0.028947
0.0522739
0.0480195
0.0716699
0.0532274
0.046424
0.0615924
0.107841
0.0955807
0.0977917
0.0933987
0.0421926
0.0824491
0.105485
0.100413
0.0983691
0.0875709
0.111342
0.100088
0.074427
0.0933838
0.0580232
0.0613038
0.0748041
0.082315
0.0845028
0.112204
0.108505
0.09035
0.122023
0.120364
0.130246
0.113172
0.0860341
0.0881788
0.0823159
0.122942
0.11031
0.120542
0.0882371
0.0802472
0.112134
0.0937737
0.0625968
0.0828244
0.118713
0.104475
0.104595
0.0837355
0.121921
0.108061
0.132983
0.111669
0.121454
0.130962
0.150803
0.156744
0.141077
0.108241
0.106709
0.120934
0.0734504
0.0764626
0.0880267
0.0903803
0.0764143
0.122667
0.0904146
0.0923748
0.0949734
0.0840526
0.0774217
0.0890917
0.0695264
0.0621586
0.0590188
0.0777883
0.0540117
0.0767139
0.0621033
0.0651781
0.070376
0.0935854
0.11572
0.122907
0.0928923
0.132177
0.127921
0.136635
0.134317
0.146637
0.131553
0.151167
0.146403
0.159373
0.121255
0.111563
0.107947
0.141625
0.110236
0.116378
0.10854
0.087153
0.115459
0.111715
0.100512
0.116108
0.0911832
0.110836
0.0993531
0.0891349
0.110847
0.120833
0.0793837
0.0914331
0.0914063
0.102119
0.109472
0.119741
0.147931
0.124846
0.126082
0.111636
0.0768083
0.115015
0.0881154
0.0942828
0.103886
0.118984
0.12993
0.104465
0.111044
0.0747767
0.0593121
0.0736713
0.0930643
0.107929
0.112569
0.0884832
0.108998
0.118727
0.0722278
0.0950972
0.0716867
0.0579676
0.101981
0.0950158
0.0972647
0.0951009
0.0955781
0.0704866
0.0848153
0.10235
0.109255
0.108897
0.120715
0.117965
0.13954
0.134135
0.0850379
0.0839091
0.0510399
0.0522797
0.0512872
0.0608274
0.0686865
0.0767272
0.0751285
0.0650289
0.0912201
0.0814724
0.0735876
0.0441184
0.0546301
0.0710709
0.0973078
0.114259
0.0896936
0.110215
0.100954
0.0976238
0.0929818
0.0877196
0.104118
0.0997859
0.105023
0.112297
0.103833
0.090077
0.0954973
0.0879038
0.0732673
0.0348577
0.0564656
0.0635161
0.0781277
0.0770664
0.088212
0.103311
0.082276
0.059521
0.0601652
0.0732621
0.0870075
0.106222
0.0793195
0.0886701
0.0729596
0.0620552
0.0664735
0.0609431
0.0588382
0.0670648
0.0638202
0.101634
0.112628
0.126619
0.110403
0.0501403
0.066225
0.100088
0.114176
0.114608
0.105078
0.11223
0.126911
0.144943
0.129274
0.105434
0.0901799
0.0716802
0.0880516
0.0848586
0.0777459
0.0837313
0.083065
0.0945626
0.05969
0.071404
0.0783247
0.087575
0.0769531
0.0855735
0.0977567
0.112989
0.129387
0.128904
0.104108
0.135344
0.122859
0.1347
0.146776
0.147629
0.151289
0.13042
0.153589
0.155643
0.135715
0.133201
0.131142
0.14732
0.154954
0.180602
0.168711
0.15755
0.205448
0.155121
0.155623
0.116119
0.14174
0.115316
0.104665
0.116334
0.142741
0.139614
0.114941
0.119214
0.106387
0.140514
0.133288
0.121208
0.122847
0.147644
0.164501
0.196273
0.213263
0.165342
0.157732
0.156758
0.139658
0.143787
0.133566
0.111761
0.134356
0.156318
0.169295
0.16343
0.174005
0.182146
0.154814
0.11957
0.149283
0.151341
0.151255
0.171113
0.176728
0.179556
0.153657
0.124203
0.138448
0.087692
0.113432
0.118421
0.141142
0.149273
0.1777
0.160528
0.167693
0.139425
0.154073
0.163659
0.117131
0.129804
0.148232
0.152537
0.166165
0.167667
0.134935
0.118989
0.108232
0.125713
0.15115
0.162369
0.158531
0.169298
0.148628
0.16924
0.18523
0.166765
0.128254
0.153061
0.17432
0.171591
0.171606
0.150087
0.0925302
0.114998
0.115983
0.147485
0.141382
0.145388
0.118019
0.161383
0.140319
0.121125
0.12711
0.0903184
0.110401
0.105931
0.100909
0.0879848
0.0865377
0.0802562
0.0741829
0.0606737
0.0413655
0.0571047
0.0420459
0.0773463
0.0590803
0.0412381
0.0696841
0.0764316
0.0649241
0.0675646
0.0700052
0.0700403
0.12306
0.0930545
0.0588571
0.0590064
0.0524036
0.044278
0.0638021
0.0724225
0.0633679
0.0736493
0.0713849
0.0662486
0.0575523
0.0715331
0.0534452
0.0813835
0.0453097
0.041123
0.0901131
0.0664224
0.073752
0.0762139
0.0511974
0.0626351
0.0589667
0.064857
0.0706618
0.0803408
0.111086
0.112169
0.0962479
0.0825053
0.116402
0.105854
0.144722
0.0765249
0.0876051
0.0922521
0.118232
0.110983
0.116334
0.121588
0.124936
0.0931083
0.0730642
0.0819148
0.0951738
0.0546474
0.0847272
0.04891
0.0542422
0.0394029
0.0354729
-0.00111491
0.0213632
0.043701
0.0461746
0.0685015
0.0425133
0.0962222
0.0993559
0.071493
0.075226
0.118083
0.0946912
0.0879051
0.0721119
0.0727801
0.0786858
0.0774985
0.107866
0.0802483
0.101492
0.0990609
0.075747
0.0305332
0.0645653
0.078757
0.0656229
0.0544056
0.0464641
0.0643681
0.0459002
0.0688771
0.0540183
0.034006
0.0594152
0.04566
0.0419324
0.0681018
0.0646368
0.0803109
0.0904655
0.10775
0.0861602
0.0873382
0.0473484
0.0945515
0.0954573
0.117217
0.0930555
0.0982895
0.0711507
0.0796418
0.0958903
0.0720565
0.0698396
0.0706536
0.0838
0.0431983
0.052348
0.0237283
0.0302786
0.0256634
0.0225204
0.0256273
0.0286017
0.0679373
0.02565
0.0284983
0.0200869
0.0189039
0.0215627
0.0269413
-0.00410092
0.0243599
0.0184589
0.0478391
0.0509367
0.0456742
0.0421035
0.05737
0.065036
0.0528075
0.0524319
0.0821748
0.0665008
0.11115
0.0682771
0.116515
0.116381
0.0895696
0.0838158
0.10875
0.0911357
0.140125
0.120367
0.142657
0.11255
0.118968
0.152124
0.174318
0.145955
0.146899
0.127495
0.122823
0.188319
0.150829
0.171745
0.179217
0.227042
0.217018
0.220761
0.189512
0.212768
0.17597
0.17643
0.185663
0.186024
0.213057
0.193508
0.177387
0.157306
0.175516
0.135624
0.130932
0.159959
0.138065
0.155169
0.150627
0.112422
0.131372
0.108968
0.14097
0.125042
0.134257
0.131158
0.15542
0.159807
0.161308
0.159255
0.150459
0.145345
0.111457
0.1284
0.136964
0.136946
0.161405
0.145778
0.145538
0.148443
0.125799
0.132677
0.0976828
0.133238
0.112674
0.136631
0.112287
0.130016
0.103635
0.121058
0.0858545
0.0876021
0.0835353
0.118817
0.109264
0.105913
0.129024
0.140898
0.142634
0.140561
0.114453
0.111216
0.153497
0.138341
0.149905
0.150824
0.124558
0.140243
0.114409
0.10508
0.110677
0.119644
0.0961182
0.14975
0.141657
0.123387
0.140178
0.155226
0.146741
0.158502
0.143861
0.164865
0.154743
0.11275
0.117079
0.0858177
0.114621
0.107488
0.114956
0.0744483
0.0913471
0.12723
0.107456
0.134086
0.139159
0.115135
0.110413
0.0978215
0.104464
0.0919138
0.0538703
0.0446295
0.0622318
0.0810615
0.0544228
0.0727514
0.0592082
0.0698859
0.0557338
0.0685116
0.0641503
0.0702876
0.0592425
0.0844367
0.0845519
0.0810194
0.0885401
0.0608584
0.030972
0.0433539
0.020144
0.0835117
0.0505051
0.0589815
0.0718081
0.0314389
0.0492601
0.0510129
0.0650197
0.0836961
0.068237
0.0541923
0.0744725
0.0590185
0.0732572
0.102799
0.0837288
0.0942349
0.0759913
0.0810231
0.0714429
0.0857295
0.0477249
0.0598545
0.0544311
0.0770626
0.0654281
0.0463528
0.0635771
0.0652361
0.060849
0.0534929
0.0463664
0.0313477
0.0121812
0.0228137
0.0291943
0.0516106
0.0333299
0.0266647
0.0162545
0.0499083
0.0513746
0.0811295
0.0378736
0.0649261
0.0710181
0.0935633
0.111697
0.133461
0.106522
0.122892
0.0793239
0.0944199
0.0637416
0.0501811
0.0391338
0.0602465
0.0589556
0.096405
0.101406
0.0852385
0.0739613
0.0804113
0.0970791
0.0941106
0.112002
0.0956565
0.103803
0.11076
0.16624
0.14926
0.177594
0.156749
0.116931
0.13813
0.13517
0.137143
0.154042
0.185354
0.177389
0.180412
0.157427
0.149109
0.151581
0.123165
0.136914
0.141881
0.133942
0.118531
0.122772
0.0899114
0.104025
0.0736788
0.0820105
0.111297
0.084877
0.0850092
0.0776282
0.0544147
0.0648964
0.058715
0.0642856
0.0532624
0.0900697
0.0614671
0.0731753
0.0795378
0.0856825
0.08432
0.0787832
0.0841217
0.0761571
0.0571085
0.0777385
0.0382975
0.0655172
0.0669019
0.103079
0.0846522
0.0898991
0.0839348
0.0917356
0.0996048
0.0571989
0.0550058
0.0436134
0.0432763
0.0940391
0.0819092
0.0666934
0.0690094
0.0718192
0.0905566
0.0739018
0.0664115
0.0995214
0.0943979
0.097118
0.105636
0.132968
0.13957
0.122786
0.130771
0.127489
0.132673
0.161809
0.171506
0.141783
0.14318
0.125317
0.124279
0.121964
0.13085
0.0914354
0.150926
0.133143
0.144681
0.136854
0.155328
0.138653
0.123766
0.122834
0.108153
0.0858069
0.101742
0.0844643
0.0982889
0.0933943
0.13461
0.0878313
0.084076
0.120377
0.0707369
0.0907894
0.0942672
0.117822
0.0885565
0.132608
0.12372
0.118997
0.113002
0.137725
0.122408
0.111227
0.127341
0.120744
0.143378
0.146693
0.1581
0.186766
0.163486
0.143834
0.150483
0.138127
0.157468
0.17648
0.175238
0.163957
0.165527
0.19012
0.19299
0.14322
0.128759
0.122483
0.158107
0.129009
0.147751
0.150116
0.11956
0.15362
0.144869
0.140505
0.124233
0.149973
0.118882
0.137874
0.109246
0.098106
0.0586484
0.0941227
0.101581
0.0859183
0.0792624
0.0910707
0.112569
0.0850633
0.0955531
0.118768
0.0713645
0.0856588
0.0661093
0.0597147
0.0965464
0.0988291
0.0521045
0.10802
0.0800591
0.111491
0.122517
0.113376
0.105218
0.0919607
0.0871481
0.109886
0.117939
0.119889
0.0991145
0.106257
0.0662584
0.0822521
0.0425381
0.0646547
0.0530647
0.0256317
0.0446251
0.0433298
0.0349246
0.0643626
0.075946
0.107446
0.0783314
0.0814569
0.102411
0.0843052
0.0891177
0.107718
0.0905758
0.118002
0.146335
0.139219
0.125682
0.114792
0.114683
0.121249
0.11413
0.121422
0.118512
0.135531
0.135779
0.143034
0.105371
0.139119
0.150794
0.129105
0.158735
0.166875
0.151275
0.15674
0.186436
0.183675
0.14878
0.130239
0.148842
0.110657
0.156973
0.161193
0.155917
0.153538
0.120626
0.133445
0.119657
0.0980839
0.127167
0.104836
0.0981797
0.0749761
0.0860365
0.103568
0.134452
0.111165
0.122365
0.116094
0.100807
0.122477
0.144062
0.117336
0.152323
0.168398
0.167993
0.169517
0.149693
0.167022
0.150572
0.158122
0.163469
0.129965
0.146006
0.104311
0.128555
0.097977
0.0745286
0.0695694
0.0659638
0.0447354
0.0472083
0.0896732
0.0778716
0.0929005
0.0643915
0.0499093
0.0457482
0.0560402
0.0662265
0.0887682
0.0670408
0.0761837
0.0902611
0.123141
0.143769
0.166876
0.123888
0.14814
0.15154
0.143868
0.177604
0.170146
0.165251
0.185996
0.166991
0.18571
0.176532
0.202089
0.20156
0.216227
0.202399
0.187955
0.213376
0.226886
0.193137
0.160109
0.185724
0.186924
0.184484
0.19643
0.18029
0.198364
0.186418
0.196109
0.193808
0.163735
0.192591
0.202541
0.229277
0.221854
0.218664
0.188333
0.204936
0.200053
0.191483
0.192012
0.194449
0.160743
0.141057
0.155288
0.154238
0.168948
0.174493
0.176897
0.212637
0.195916
0.246624
0.19495
0.173387
0.172133
0.18644
0.183249
0.168079
0.209747
0.195656
0.160872
0.171202
0.170611
0.218634
0.166555
0.173074
0.174615
0.160057
0.186593
0.126331
0.157002
0.136836
0.128891
0.154122
0.16673
0.175661
0.154751
0.171006
0.179508
0.160072
0.162918
0.161632
0.132322
0.126303
0.16791
0.167393
0.178464
0.14938
0.13427
0.147376
0.15986
0.144237
0.159171
0.147022
0.165046
0.155698
0.17713
0.207703
0.1957
0.212042
0.150095
0.163236
0.15055
0.131743
0.135357
0.151717
0.161537
0.152713
0.175315
0.175118
0.14646
0.132986
0.117611
0.129574
0.148972
0.134198
0.141522
0.119197
0.128226
0.113978
0.126874
0.0927661
0.116515
0.136926
0.115892
0.16168
0.114709
0.0977878
0.0945826
0.11324
0.0905048
0.0868869
0.090551
0.0702334
0.0848088
0.090033
0.0889262
0.0921033
0.0794981
0.0904247
0.0555912
0.0765956
0.0825915
0.0784212
0.0695529
0.0917366
0.100288
0.0794584
0.109697
0.0997466
0.0697489
0.0603466
0.0879564
0.103452
0.129514
0.111274
0.112657
0.106334
0.0931878
0.102482
0.122789
0.143089
0.139698
0.133495
0.144163
0.11968
0.147074
0.132604
0.126062
0.0928511
0.133011
0.13216
0.150518
0.168461
0.142522
0.135349
0.134659
0.138675
0.118246
0.102136
0.0839132
0.0793001
0.106635
0.0644972
0.0825475
0.0914041
0.0563029
0.081325
0.0625821
0.0965329
0.0866312
0.0813497
0.0793571
0.0814412
0.0703904
0.0687555
0.0645039
0.0643818
0.101546
0.0596903
0.0810533
0.0793552
0.0963653
0.118915
0.0982531
0.120945
0.0915117
0.118993
0.127363
0.0789259
0.0756981
0.0794383
0.0988669
0.0998946
0.0945406
0.103463
0.108842
0.113725
0.108159
0.122033
0.0817795
0.0950743
0.109511
0.0931659
0.130277
0.119814
0.119532
0.107113
0.10029
0.1341
0.132693
0.0988639
0.103923
0.0948242
0.0770063
0.0748461
0.0832122
0.085611
0.114241
0.0791728
0.0862803
0.105475
0.0951114
0.0963116
0.109727
0.0853151
0.0854494
0.109236
0.0732089
0.0782883
0.08384
0.072191
0.0875395
0.120547
0.0848644
0.0857584
0.117385
0.108189
0.116674
0.134833
0.134224
0.0924327
0.115482
0.114515
0.0969393
0.126924
0.137583
0.119253
0.135921
0.12951
0.150546
0.131749
0.165872
0.128903
0.135939
0.148116
0.175145
0.129706
0.177184
0.165339
0.2044
0.18477
0.192671
0.195309
0.170237
0.131937
0.15067
0.147646
0.147138
0.163089
0.181268
0.15115
0.155267
0.163578
0.182421
0.131043
0.132077
0.13832
0.168571
0.151857
0.153842
0.161796
0.134755
0.122003
0.124762
0.124104
0.16248
0.129993
0.15584
0.174827
0.177264
0.163495
0.140524
0.157169
0.175084
0.158884
0.134991
0.14108
0.124011
0.149905
0.133659
0.152294
0.139415
0.144712
0.162495
0.154481
0.161683
0.178424
0.139867
0.157698
0.142502
0.15322
0.13762
0.153974
0.128412
0.143637
0.140833
0.164334
0.147286
0.130376
0.132727
0.111439
0.127601
0.118177
0.132385
0.137691
0.113524
0.122622
0.125254
0.137563
0.124783
0.115785
0.0765546
0.0528715
0.0268991
0.069396
0.0396639
0.0734065
0.0791196
0.0700424
0.0936872
0.0588236
0.0729647
0.0719626
0.0610194
0.0784272
0.10627
0.107521
0.11488
0.119802
0.114077
0.118254
0.0971827
0.14187
0.116881
0.118487
0.113789
0.152326
0.156828
0.15864
0.167462
0.185408
0.141052
0.146265
0.137349
0.151191
0.133752
0.121815
0.133077
0.121129
0.143686
0.0990025
0.11038
0.0888266
0.0968057
0.0480874
0.064351
0.0857985
0.0734451
0.0897301
0.0752723
0.0687062
0.104655
0.0746657
0.0747651
0.0730297
0.0837722
0.0784555
0.104595
0.0830818
0.117663
0.110438
0.105437
0.142854
0.128398
0.107983
0.135143
0.12065
0.101213
0.132862
0.157781
0.143923
0.133346
0.12895
0.143291
0.162126
0.174176
0.169387
0.169686
0.172119
0.145357
0.169185
0.150066
0.182221
0.18938
0.151424
0.177304
0.174562
0.171946
0.210664
0.181344
0.182442
0.158788
0.164594
0.145479
0.137817
0.160741
0.141635
0.144514
0.175187
0.131722
0.101567
0.0804448
0.0783563
0.127482
0.0919396
0.105079
0.113097
0.119631
0.129292
0.168326
0.167172
0.1648
0.157843
0.168885
0.146164
0.122941
0.139857
0.131706
0.148632
0.16092
0.161992
0.154794
0.120024
0.1568
0.15465
0.147735
0.155578
0.141021
0.143927
0.112092
0.10347
0.12
0.129506
0.15316
0.159767
0.170646
0.146815
0.121218
0.148896
0.14424
0.101065
0.0901221
0.106379
0.105688
0.134969
0.126166
0.105258
0.123493
0.110789
0.12284
0.162364
0.0980646
0.102497
0.110941
0.114473
0.124576
0.138168
0.13795
0.136308
0.106381
0.104668
0.0846565
0.102479
0.10702
0.0949559
0.104829
0.131474
0.150344
0.15515
0.152036
0.142801
0.129814
0.101023
0.120501
0.0776441
0.106349
0.0883199
0.101386
0.0843298
0.0982136
0.129724
0.136494
0.143624
0.12621
0.157045
0.144479
0.148003
0.174478
0.157955
0.164142
0.143207
0.155132
0.104718
0.08296
0.117748
0.129727
0.115745
0.117887
0.106994
0.105004
0.125037
0.142373
0.120248
0.12892
0.097017
0.086688
0.078353
0.106843
0.0755254
0.0514663
0.0363551
0.0328488
0.0783585
0.0558463
0.062067
0.0711332
0.0428985
0.0654022
0.0523936
0.0635972
0.0267304
0.0363031
0.0298831
0.0278387
0.0236976
0.046862
0.0562883
0.043844
0.0657975
0.0177489
0.0303301
0.0107265
0.0272125
0.0541298
0.0122757
0.0424226
0.0237618
0.0448452
0.0433728
0.0319595
0.033064
0.0289656
0.0226012
0.00843745
0.0149583
0.0267223
0.0151895
0.00635385
-0.00143512
-0.00893697
0.000920111
-0.0316569
-0.0204276
-0.0191448
-0.00358068
0.0076007
0.00882844
0.0141517
0.028947
0.027961
0.0547679
0.00372112
0.0257692
0.0362091
0.0428158
0.0550155
0.0570062
0.0424399
0.0599
0.0517344
0.0667134
0.0697601
0.0704485
0.0677248
0.0698419
0.0811182
0.0794733
0.0922669
0.0913826
0.0963366
0.0779576
0.0953094
0.0873831
0.0986081
0.0930994
0.0782534
0.0719909
0.11186
0.0939689
0.111592
0.0926577
0.0939303
0.0900324
0.0785953
0.0768487
0.0930549
0.0612597
0.0906834
0.0613004
0.0756529
0.0590537
0.0657873
0.0505353
0.0485639
0.0742847
0.102743
0.108874
0.125847
0.0805638
0.0690349
0.0640416
0.0287545
0.0287011
0.0371441
0.0151732
0.061567
0.0638421
0.074304
0.0596237
0.0642858
0.0567994
0.0706465
0.0657887
0.10237
0.0763335
0.102646
0.0717756
0.0954174
0.105667
0.103913
0.0901412
0.0726606
0.0654181
0.0449689
0.0571561
0.0433243
0.0363944
0.0423741
0.0654881
0.0468654
0.0615897
0.0802989
0.0755689
0.0556691
0.0658243
0.073444
0.0864639
0.094241
0.103017
0.125615
0.0816806
0.111466
0.111136
0.104262
0.10501
0.0720028
0.0867757
0.124083
0.0825494
0.0833105
0.0931817
0.0750507
0.0646961
0.0821419
0.0737384
0.0673166
0.123194
0.105734
0.143925
0.145689
0.135028
0.11776
0.115525
0.121214
0.114674
0.126383
0.126026
0.118768
0.140083
0.0881135
0.128627
0.122936
0.114975
0.103212
0.0732545
0.0739145
0.082895
0.0790198
0.092239
0.0881072
0.0701891
0.0752629
0.0650291
0.0626595
0.0393144
0.0438295
0.0588945
0.054658
0.0833051
0.0235561
0.0536688
0.0535527
0.0835213
0.090436
0.0771168
0.0445957
0.0638816
0.0495747
0.0694999
0.0490418
0.0606871
0.0418885
0.0252321
0.025733
0.0203532
0.0417138
0.0522665
0.0385976
0.0223419
0.0484681
0.0568712
0.0734848
0.0874476
0.0781025
0.113292
0.092216
0.134876
0.121824
0.109301
0.0997794
0.0973379
0.0959328
0.105931
0.141329
0.12579
0.122193
0.0896242
0.114256
0.135284
0.138763
0.134223
0.14949
0.132426
0.134708
0.135784
0.154011
0.105951
0.124745
0.106837
0.110375
0.137746
0.145196
0.12705
0.152677
0.102333
0.148914
0.145219
0.136633
0.151092
0.136323
0.147633
0.122834
0.16397
0.131593
0.0915231
0.119044
0.110814
0.162269
0.154798
0.142709
0.164736
0.141495
0.150633
0.140882
0.142053
0.127272
0.119132
0.124649
0.146244
0.108062
0.0929643
0.0964478
0.0535414
0.0659456
0.0853293
0.100525
0.105954
0.111538
0.0946851
0.0912907
0.0778885
0.0890996
0.0814027
0.0578368
0.0685771
0.112937
0.109565
0.126512
0.186256
0.165668
0.156966
0.167086
0.173513
0.143226
0.174095
0.120929
0.146564
0.137821
0.115436
0.166581
0.163394
0.11673
0.129961
0.113519
0.12677
0.0681682
0.0839786
0.103275
0.122318
0.114313
0.0992646
0.076277
0.0737952
0.0486588
0.0612224
0.0552213
0.0682357
0.0462337
0.0638806
0.0471226
0.0676431
0.086898
0.122095
0.104861
0.108735
0.0971209
0.106189
0.120172
0.11775
0.118079
0.112837
0.0779533
0.092102
0.0879371
0.0986946
0.0926535
0.110774
0.153207
0.136149
0.14169
0.0914187
0.0866787
0.067223
0.0927702
0.0892443
0.0793799
0.06426
0.0531013
0.0730312
0.0660908
0.0563507
0.058026
0.0463564
0.0319655
0.0218835
0.042481
0.0405138
0.0414273
0.0217763
0.0367855
0.0263106
0.0257795
0.0430591
0.0506456
0.0625405
0.0333815
0.0606286
0.0563768
0.0569121
0.0682436
0.0679093
0.0895015
0.0555413
0.0738702
0.0817824
0.0848333
0.0948841
0.116397
0.0854056
0.097478
0.0848574
0.0692011
0.0550868
0.0590695
0.0900698
0.0916542
0.0828808
0.0712458
0.105745
0.0751235
0.0949913
0.0810846
0.0875135
0.0590001
0.0886588
0.0904336
0.0952609
0.113246
0.110502
0.0813042
0.0976463
0.0508696
0.0482038
0.0846473
0.0796409
0.0748196
0.0944606
0.0973922
0.128097
0.0576808
0.0698526
0.0849471
0.0807076
0.0652461
0.0827863
0.0912633
0.103065
0.0990425
0.128378
0.115844
0.0989193
0.105829
0.0937162
0.0674033
0.0855558
0.0736443
0.0993881
0.051615
0.106257
0.0772098
0.0920591
0.059979
0.0718654
0.052046
0.0956946
0.0884712
0.0968039
0.0907436
0.0737988
0.0925577
0.102806
0.105705
0.123257
0.124631
0.141031
0.119752
0.100803
0.113107
0.0894112
0.0944232
0.119814
0.123401
0.107401
0.129534
0.132529
0.113257
0.117628
0.130511
0.141148
0.105621
0.147823
0.0948429
0.0920339
0.0876533
0.109234
0.144459
0.121711
0.113513
0.157496
0.103116
0.135671
0.12435
0.118906
0.110551
0.102773
0.130999
0.118112
0.111203
0.119052
0.132658
0.115053
0.139813
0.106867
0.0933314
0.0921608
0.0969178
0.090791
0.126589
0.121678
0.0955439
0.0604461
0.0812008
0.0760924
0.0769934
0.0820772
0.0980744
0.0661594
0.0781385
0.108446
0.107514
0.13154
0.126399
0.124351
0.0976706
0.115599
0.10799
0.108305
0.109034
0.104143
0.119707
0.137466
0.121666
0.117469
0.125304
0.132351
0.114388
0.128789
0.119407
0.0864392
0.101116
0.0888335
0.074886
0.0821567
0.0744583
0.0695601
0.0702194
0.0524298
0.0507328
0.0483566
0.0548121
0.0434273
0.0447648
0.0407117
0.0391429
0.0515651
0.0522087
0.0394788
0.0822336
0.0657083
0.0508274
0.0938921
0.0896813
0.0855635
0.0981693
0.0957195
0.104097
0.0896337
0.0790641
0.0632077
0.105667
0.0564583
0.0843409
0.0967041
0.0913644
0.0773388
0.101092
0.0811933
0.113625
0.114999
0.0913982
0.0896403
0.0895105
0.0749654
0.077191
0.102453
0.0590854
0.100777
0.076291
0.103035
0.093287
0.0894921
0.0707144
0.07929
0.0810905
0.108351
0.100686
0.102342
0.0979435
0.0981014
0.053278
0.0564591
0.0573554
0.057222
0.0487047
0.0716695
0.0597282
0.0795355
0.0860449
0.0924366
0.0697847
0.0926371
0.0728516
0.119427
0.0872851
0.118272
0.109319
0.127061
0.131971
0.0977538
0.118695
0.085716
0.106913
0.113709
0.114505
0.0976914
0.131485
0.130438
0.135872
